-86,167,151,102,255,-86.0
-69.1772,167,151,102,255,-69.177165
-52.3543,167,151,102,255,-52.354331
-35.5315,167,151,102,255,-35.531496
-18.7087,167,151,102,255,-18.708661
-1.88583,167,151,102,255,-1.885827
14.937,162,153,102,255,14.937008
31.7598,162,153,102,255,31.759843
48.5827,162,153,102,255,48.582677
65.4055,162,153,102,255,65.405512
82.2283,162,153,102,255,82.228346
99.0512,162,153,102,255,99.051181
115.874,162,153,102,255,115.874016
132.697,162,153,102,255,132.69685
149.52,162,153,102,255,149.519685
166.343,162,153,102,255,166.34252
183.165,162,153,102,255,183.165354
199.988,162,153,102,255,199.988189
216.811,162,153,102,255,216.811024
233.634,162,153,102,255,233.633858
250.457,162,153,102,255,250.456693
267.28,162,153,102,255,267.279528
284.102,162,153,102,255,284.102362
300.925,162,153,102,255,300.925197
317.748,162,153,102,255,317.748031
334.571,162,153,102,255,334.570866
351.394,156,155,103,255,351.393701
368.217,156,155,103,255,368.216535
385.039,156,155,103,255,385.03937
401.862,156,155,103,255,401.862205
418.685,156,155,103,255,418.685039
435.508,156,155,103,255,435.507874
452.331,156,155,103,255,452.330709
469.154,156,155,103,255,469.153543
485.976,156,155,103,255,485.976378
502.799,156,155,103,255,502.799213
519.622,156,155,103,255,519.622047
536.445,156,155,103,255,536.444882
553.268,156,155,103,255,553.267717
570.091,156,155,103,255,570.090551
586.913,156,155,103,255,586.913386
603.736,156,155,103,255,603.73622
620.559,156,155,103,255,620.559055
637.382,156,155,103,255,637.38189
654.205,156,155,103,255,654.204724
671.028,156,155,103,255,671.027559
687.85,151,157,103,255,687.850394
704.673,151,157,103,255,704.673228
721.496,151,157,103,255,721.496063
738.319,151,157,103,255,738.318898
755.142,151,157,103,255,755.141732
771.965,151,157,103,255,771.964567
788.787,151,157,103,255,788.787402
805.61,151,157,103,255,805.610236
822.433,151,157,103,255,822.433071
839.256,151,157,103,255,839.255906
856.079,151,157,103,255,856.07874
872.902,151,157,103,255,872.901575
889.724,151,157,103,255,889.724409
906.547,151,157,103,255,906.547244
923.37,151,157,103,255,923.370079
940.193,151,157,103,255,940.192913
957.016,151,157,103,255,957.015748
973.839,151,157,103,255,973.838583
990.661,151,157,103,255,990.661417
1007.48,151,157,103,255,1007.484252
1024.31,145,159,104,255,1024.307087
1041.13,145,159,104,255,1041.129921
1057.95,145,159,104,255,1057.952756
1074.78,145,159,104,255,1074.775591
1091.6,145,159,104,255,1091.598425
1108.42,145,159,104,255,1108.42126
1125.24,145,159,104,255,1125.244094
1142.07,145,159,104,255,1142.066929
1158.89,145,159,104,255,1158.889764
1175.71,145,159,104,255,1175.712598
1192.54,145,159,104,255,1192.535433
1209.36,145,159,104,255,1209.358268
1226.18,145,159,104,255,1226.181102
1243,145,159,104,255,1243.003937
1259.83,145,159,104,255,1259.826772
1276.65,145,159,104,255,1276.649606
1293.47,145,159,104,255,1293.472441
1310.3,145,159,104,255,1310.295276
1327.12,145,159,104,255,1327.11811
1343.94,145,159,104,255,1343.940945
1360.76,139,161,104,255,1360.76378
1377.59,139,161,104,255,1377.586614
1394.41,139,161,104,255,1394.409449
1411.23,139,161,104,255,1411.232283
1428.06,139,161,104,255,1428.055118
1444.88,139,161,104,255,1444.877953
1461.7,139,161,104,255,1461.700787
1478.52,139,161,104,255,1478.523622
1495.35,139,161,104,255,1495.346457
1512.17,139,161,104,255,1512.169291
1528.99,139,161,104,255,1528.992126
1545.81,139,161,104,255,1545.814961
1562.64,139,161,104,255,1562.637795
1579.46,139,161,104,255,1579.46063
1596.28,139,161,104,255,1596.283465
1613.11,139,161,104,255,1613.106299
1629.93,139,161,104,255,1629.929134
1646.75,139,161,104,255,1646.751969
1663.57,139,161,104,255,1663.574803
1680.4,139,161,104,255,1680.397638
1697.22,133,162,104,255,1697.220472
1714.04,133,162,104,255,1714.043307
1730.87,133,162,104,255,1730.866142
1747.69,133,162,104,255,1747.688976
1764.51,133,162,104,255,1764.511811
1781.33,133,162,104,255,1781.334646
1798.16,133,162,104,255,1798.15748
1814.98,133,162,104,255,1814.980315
1831.8,133,162,104,255,1831.80315
1848.63,133,162,104,255,1848.625984
1865.45,133,162,104,255,1865.448819
1882.27,133,162,104,255,1882.271654
1899.09,133,162,104,255,1899.094488
1915.92,133,162,104,255,1915.917323
1932.74,133,162,104,255,1932.740157
1949.56,133,162,104,255,1949.562992
1966.39,133,162,104,255,1966.385827
1983.21,133,162,104,255,1983.208661
2000.03,133,162,104,255,2000.031496
2016.85,133,162,104,255,2016.854331
2033.68,143,170,119,255,2033.677165
2050.5,143,170,119,255,2050.5
2067.32,143,170,119,255,2067.322835
2084.15,143,170,119,255,2084.145669
2100.97,143,170,119,255,2100.968504
2117.79,143,170,119,255,2117.791339
2134.61,143,170,119,255,2134.614173
2151.44,143,170,119,255,2151.437008
2168.26,143,170,119,255,2168.259843
2185.08,143,170,119,255,2185.082677
2201.91,143,170,119,255,2201.905512
2218.73,143,170,119,255,2218.728346
2235.55,143,170,119,255,2235.551181
2252.37,143,170,119,255,2252.374016
2269.2,143,170,119,255,2269.19685
2286.02,143,170,119,255,2286.019685
2302.84,143,170,119,255,2302.84252
2319.67,143,170,119,255,2319.665354
2336.49,143,170,119,255,2336.488189
2353.31,143,170,119,255,2353.311024
2370.13,153,179,135,255,2370.133858
2386.96,153,179,135,255,2386.956693
2403.78,153,179,135,255,2403.779528
2420.6,153,179,135,255,2420.602362
2437.43,153,179,135,255,2437.425197
2454.25,153,179,135,255,2454.248031
2471.07,153,179,135,255,2471.070866
2487.89,153,179,135,255,2487.893701
2504.72,153,179,135,255,2504.716535
2521.54,153,179,135,255,2521.53937
2538.36,153,179,135,255,2538.362205
2555.19,153,179,135,255,2555.185039
2572.01,153,179,135,255,2572.007874
2588.83,153,179,135,255,2588.830709
2605.65,153,179,135,255,2605.653543
2622.48,153,179,135,255,2622.476378
2639.3,153,179,135,255,2639.299213
2656.12,153,179,135,255,2656.122047
2672.94,153,179,135,255,2672.944882
2689.77,153,179,135,255,2689.767717
2706.59,163,188,150,255,2706.590551
2723.41,163,188,150,255,2723.413386
2740.24,163,188,150,255,2740.23622
2757.06,163,188,150,255,2757.059055
2773.88,163,188,150,255,2773.88189
2790.7,163,188,150,255,2790.704724
2807.53,163,188,150,255,2807.527559
2824.35,163,188,150,255,2824.350394
2841.17,163,188,150,255,2841.173228
2858,163,188,150,255,2857.996063
2874.82,163,188,150,255,2874.818898
2891.64,163,188,150,255,2891.641732
2908.46,163,188,150,255,2908.464567
2925.29,163,188,150,255,2925.287402
2942.11,163,188,150,255,2942.110236
2958.93,163,188,150,255,2958.933071
2975.76,163,188,150,255,2975.755906
2992.58,163,188,150,255,2992.57874
3009.4,163,188,150,255,3009.401575
3026.22,163,188,150,255,3026.224409
3043.05,174,198,167,255,3043.047244
3059.87,174,198,167,255,3059.870079
3076.69,174,198,167,255,3076.692913
3093.52,174,198,167,255,3093.515748
3110.34,174,198,167,255,3110.338583
3127.16,174,198,167,255,3127.161417
3143.98,174,198,167,255,3143.984252
3160.81,174,198,167,255,3160.807087
3177.63,174,198,167,255,3177.629921
3194.45,174,198,167,255,3194.452756
3211.28,174,198,167,255,3211.275591
3228.1,174,198,167,255,3228.098425
3244.92,174,198,167,255,3244.92126
3261.74,174,198,167,255,3261.744094
3278.57,174,198,167,255,3278.566929
3295.39,174,198,167,255,3295.389764
3312.21,174,198,167,255,3312.212598
3329.04,174,198,167,255,3329.035433
3345.86,174,198,167,255,3345.858268
3362.68,174,198,167,255,3362.681102
3379.5,185,209,186,255,3379.503937
3396.33,185,209,186,255,3396.326772
3413.15,185,209,186,255,3413.149606
3429.97,185,209,186,255,3429.972441
3446.8,185,209,186,255,3446.795276
3463.62,185,209,186,255,3463.61811
3480.44,185,209,186,255,3480.440945
3497.26,185,209,186,255,3497.26378
3514.09,185,209,186,255,3514.086614
3530.91,185,209,186,255,3530.909449
3547.73,185,209,186,255,3547.732283
3564.56,185,209,186,255,3564.555118
3581.38,185,209,186,255,3581.377953
3598.2,185,209,186,255,3598.200787
3615.02,185,209,186,255,3615.023622
3631.85,185,209,186,255,3631.846457
3648.67,185,209,186,255,3648.669291
3665.49,185,209,186,255,3665.492126
3682.31,185,209,186,255,3682.314961
3699.14,185,209,186,255,3699.137795
3715.96,196,220,205,255,3715.96063
3732.78,196,220,205,255,3732.783465
3749.61,196,220,205,255,3749.606299
3766.43,196,220,205,255,3766.429134
3783.25,196,220,205,255,3783.251969
3800.07,196,220,205,255,3800.074803
3816.9,196,220,205,255,3816.897638
3833.72,196,220,205,255,3833.720472
3850.54,196,220,205,255,3850.543307
3867.37,196,220,205,255,3867.366142
3884.19,196,220,205,255,3884.188976
3901.01,196,220,205,255,3901.011811
3917.83,196,220,205,255,3917.834646
3934.66,196,220,205,255,3934.65748
3951.48,196,220,205,255,3951.480315
3968.3,196,220,205,255,3968.30315
3985.13,196,220,205,255,3985.125984
4001.95,196,220,205,255,4001.948819
4018.77,196,220,205,255,4018.771654
4035.59,196,220,205,255,4035.594488
4052.42,208,234,226,255,4052.417323
4069.24,208,234,226,255,4069.240157
4086.06,208,234,226,255,4086.062992
4102.89,208,234,226,255,4102.885827
4119.71,208,234,226,255,4119.708661
4136.53,208,234,226,255,4136.531496
4153.35,208,234,226,255,4153.354331
4170.18,208,234,226,255,4170.177165
4400,208,234,226,255,4187.0
